+917922167530 ----> +91 79 2216 7530
+91 93776 19151 ----> +91 93 7761 9151
+919879566257 ----> +91 98 7956 6257
+91 79 6651 5151 ----> +91 79 6651 5151
07922912990 ----> +91 79 2291 2990
+91 9054876866 ----> +91 90 5487 6866
7926620059 ----> +91 79 2662 0059
079 2687 2386 ----> +91 79 2687 2386
91-79-26401554 ----> +91 79 2640 1554
917926314000 ----> +91 79 2631 4000
7096805450 ----> +91 70 9680 5450
+91 79 2589 4542 / +91 9429207992 ----> ['+91 79 2589 4542 ', '+91 94 2920 7992']
+917923224006 ----> +91 79 2322 4006
079 4050 5050 ----> +91 79 4050 5050
+91 79 2656 5222 ----> +91 79 2656 5222
+91 8758637922 ----> +91 87 5863 7922
(+91-79) 4032-7226 ----> +91 79 4032 7226
+91 79 2657 5741 ----> +91 79 2657 5741
+917965469992 ----> +91 79 6546 9992
9375776800 ----> +91 93 7577 6800
+91 79 2657 7621 ----> +91 79 2657 7621
+917927472043 ----> +91 79 2747 2043
+91 94262 84715 ----> +91 94 2628 4715
+91793013 0200 ----> +91 79 3013 0200
+91 79 3983 0100  ----> +91 79 3983 0100 
+917922864345 ----> +91 79 2286 4345
+91-9978113275 ; +91-8390740897 ----> ['+91 99 7811 3275', '+91 83 9074 0897']
079 6619 0201 ----> +91 79 6619 0201
07926304000 ----> +91 79 2630 4000
+919375565533 ----> +91 93 7556 5533
07922720605 ----> +91 79 2272 0605
07926582130 ----> +91 79 2658 2130
07965422223 ----> +91 79 6542 2223
079 26920057 ----> +91 79 2692 0057
+917927506819 ----> +91 79 2750 6819
+91 79 30912345 ----> +91 79 3091 2345
099099 22239 ----> +91 99 0992 2239
07926306752 ----> +91 79 2630 6752
+91 79 2646 6464 ----> +91 79 2646 6464
+917927550875 ----> +91 79 2755 0875
093270 38242 ----> +91 93 2703 8242
+91 99-98-264810 ----> +91 99 9826 4810
+91 79 2550 7181 ----> +91 79 2550 7181
+91 79 29705588 ----> +91 79 2970 5588
07925500007 ----> +91 79 2550 0007
07927641100 ----> +91 79 2764 1100
+91 98250 41132 ----> +91 98 2504 1132
+917922700585 ----> +91 79 2270 0585
+91 98981 37147 ----> +91 98 9813 7147
+919099958936 ----> +91 90 9995 8936
915752790 ----> Invalid Phone Number
9909005694 ----> +91 99 0900 5694
+917801949128 ----> +91 78 0194 9128
0792740 0228 ----> +91 79 2740 0228
+91 79 25556767 ----> +91 79 2555 6767
+9179 2657 8369 ----> +91 79 2657 8369
(079)39830036/37 ----> ['+91 79 3983 0036', '+91 79 3983 0037']
09016861000 ----> +91 90 1686 1000
+91 79 6190 0500/05/06/07/08/09 ----> ['+91 79 6190 0500', '+91 79 6190 0505', '+91 79 6190 0506', '+91 79 6190 0507', '+91 79 6190 0508', '+91 79 6190 0509']
855-553-4767 ----> +91 85 5553 4767
